-10 - [1, 2, 3, 4, 5, 6]
-9 - [1, 2, 3, 4, 5, 6]
-8 - [1, 2, 3, 4, 5, 6]
-7 - [1, 2, 3, 4, 5, 6]
-6 - [1, 2, 3, 4, 5, 6]
-5 - [1, 2, 3, 4, 5, 6]
-4 - [1, 2, 3, 4, 5, 6]
-3 - [1, 2, 3, 4, 5, 6]
-2 - [1, 2, 3, 4, 5, 6]
-1 - [1, 2, 3, 4, 5, 6]
0 - [1, 2, 3, 4, 5, 6]
1 - [1, 2, 3, 4, 5, 6]
2 - [7, 8, 9, 10, 11, 12]
3 - [13, 14, 15, 16, 17, 18]
4 - [19, 20, 21, 22, 23, 24]
5 - [25, 26, 27, 28, 29, 30]
6 - [31, 32, 33, 34, 35, 36]
7 - [37, 38, 39, 40, 41, 42]
8 - [43, 44, 45, 46, 47, 48]
9 - [49, 50, 51, 52, 53, 54]
10 - [55, 56, 57, 58, 59, 60]
11 - [61, 62, 63, 64, 65, 66]
12 - [67, 68, 69, 70, 71, 72]
13 - [73, 74, 75, 76, 77, 78]
14 - [79, 80, 81, 82, 83, 84]
15 - [85, 86, 87, 88, 89, 90]
16 - [91, 92, 93, 94, 95, 96]
17 - [97, 98, 99, 100, 101, 102]
18 - [103, 104, 105, 106, 107, 108]
19 - [109, 110, 111, 112, 113, 114]
20 - [115, 116, 117, 118, 119, 120]
21 - [121, 122, 123, 124, 125, 126]
22 - [127, 128, 129, 130, 131, 132]
23 - [133, 134, 135, 136, 137, 138]
24 - [139, 140, 141, 142, 143, 144]
25 - [145, 146, 147, 148, 149, 150]
26 - [151, 152, 153, 154, 155, 156]
27 - [157, 158, 159, 160, 161, 162]
28 - [163, 164, 165, 166, 167, 168]
29 - [169, 170, 171, 172, 173, 174]
30 - [175, 176, 177, 178, 179, 180]
31 - [181, 182, 183, 184, 185, 186]
32 - [187, 188, 189, 190, 191, 192]
33 - [193, 194, 195, 196, 197, 198]
34 - [199, 200, 201, 202, 203, 204]
35 - [205, 206, 207, 208, 209, 210]
36 - [211, 212, 213, 214, 215, 216]
37 - [217, 218, 219, 220, 221, 222]
38 - [223, 224, 225, 226, 227, 228]
39 - [229, 230, 231, 232, 233, 234]
40 - [235, 236, 237, 238, 239, 240]
41 - [241, 242, 243, 244, 245, 246]
42 - [247, 248, 249, 250, 251, 252]
43 - [253, 254, 255, 256, 257, 258]
44 - [259, 260, 261, 262, 263, 264]
45 - [265, 266, 267, 268, 269, 270]
46 - [271, 272, 273, 274, 275, 276]
47 - [277, 278, 279, 280, 281, 282]
48 - [283, 284, 285, 286, 287, 288]
49 - [289, 290, 291, 292, 293, 294]
50 - [295, 296, 297, 298, 299, 300]
51 - [301, 302, 303, 304, 305, 306]
52 - [307, 308, 309, 310, 311, 312]
53 - [313, 314, 315, 316, 317, 318]
54 - [319, 320, 321, 322, 323, 324]
55 - [325, 326, 327, 328, 329, 330]
56 - [331, 332, 333, 334, 335, 336]
57 - [337, 338, 339, 340, 341, 342]
58 - [343, 344, 345, 346, 347, 348]
59 - [349, 350, 351, 352, 353, 354]
60 - [355, 356, 357, 358, 359, 360]
61 - [361, 362, 363, 364, 365, 366]
62 - [367, 368, 369, 370, 371, 372]
63 - [373, 374, 375, 376, 377, 378]
64 - [379, 380, 381, 382, 383, 384]
65 - [385, 386, 387, 388, 389, 390]
66 - [391, 392, 393, 394, 395, 396]
67 - [397, 398, 399, 400, 401, 402]
68 - [403, 404, 405, 406, 407, 408]
69 - [409, 410, 411, 412, 413, 414]
70 - [415, 416, 417, 418, 419, 420]
71 - [421, 422, 423, 424, 425, 426]
72 - [427, 428, 429, 430, 431, 432]
73 - [433, 434, 435, 436, 437, 438]
74 - [439, 440, 441, 442, 443, 444]
75 - [445, 446, 447, 448, 449, 450]
76 - [451, 452, 453, 454, 455, 456]
77 - [457, 458, 459, 460, 461, 462]
78 - [463, 464, 465, 466, 467, 468]
79 - [469, 470, 471, 472, 473, 474]
80 - [475, 476, 477, 478, 479, 480]
81 - [481, 482, 483, 484, 485, 486]
82 - [487, 488, 489, 490, 491, 492]
83 - [493, 494, 495, 496, 497, 498]
84 - [499, 500, 501, 502, 503, 504]
85 - [505, 506, 507, 508, 509, 510]
86 - [511, 512, 513, 514, 515, 516]
87 - [517, 518, 519, 520, 521, 522]
88 - [523, 524, 525, 526, 527, 528]
89 - [529, 530, 531, 532, 533, 534]
90 - [535, 536, 537, 538, 539, 540]
91 - [541, 542, 543, 544, 545, 546]
92 - [547, 548, 549, 550, 551, 552]
93 - [553, 554, 555, 556, 557, 558]
94 - [559, 560, 561, 562, 563, 564]
95 - [565, 566, 567, 568, 569, 570]
96 - [571, 572, 573, 574, 575, 576]
97 - [577, 578, 579, 580, 581, 582]
98 - [583, 584, 585, 586, 587, 588]
99 - [589, 590, 591, 592, 593, 594]
100 - [595, 596, 597, 598, 599, 600]
101 - [601, 602, 603, 604, 605, 606]
102 - [607, 608, 609, 610, 611, 612]
103 - [613, 614, 615, 616, 617, 618]
104 - [619, 620, 621, 622, 623, 624]
105 - [625, 626, 627, 628, 629, 630]
106 - [631, 632, 633, 634, 635, 636]
107 - [637, 638, 639, 640, 641, 642]
108 - [643, 644, 645, 646, 647, 648]
109 - [649, 650, 651, 652, 653, 654]
110 - [655, 656, 657, 658, 659, 660]
111 - [661, 662, 663, 664, 665, 666]
112 - [667, 668, 669, 670, 671, 672]
113 - [673, 674, 675, 676, 677, 678]
114 - [679, 680, 681, 682, 683, 684]
115 - [685, 686, 687, 688, 689, 690]
116 - [691, 692, 693, 694, 695, 696]
117 - [697, 698, 699, 700, 701, 702]
118 - [703, 704, 705, 706, 707, 708]
119 - [709, 710, 711, 712, 713, 714]
120 - [715, 716, 717, 718, 719, 720]
121 - [721, 722, 723, 724, 725, 726]
122 - [727, 728, 729, 730, 731, 732]
123 - [733, 734, 735, 736, 737, 738]
124 - [739, 740, 741, 742, 743, 744]
125 - [745, 746, 747, 748, 749, 750]
126 - [751, 752, 753, 754, 755, 756]
127 - [757, 758, 759, 760, 761, 762]
128 - [763, 764, 765, 766, 767, 768]
129 - [769, 770, 771, 772, 773, 774]
130 - [775, 776, 777, 778, 779, 780]
131 - [781, 782, 783, 784, 785, 786]
132 - [787, 788, 789, 790, 791, 792]
133 - [793, 794, 795, 796, 797, 798]
134 - [799, 800, 801, 802, 803, 804]
135 - [805, 806, 807, 808, 809, 810]
136 - [811, 812, 813, 814, 815, 816]
137 - [817, 818, 819, 820, 821, 822]
138 - [823, 824, 825, 826, 827, 828]
139 - [829, 830, 831, 832, 833, 834]
140 - [835, 836, 837, 838, 839, 840]
141 - [841, 842, 843, 844, 845, 846]
142 - [847, 848, 849, 850, 851, 852]
143 - [853, 854, 855, 856, 857, 858]
144 - [859, 860, 861, 862, 863, 864]
145 - [865, 866, 867, 868, 869, 870]
146 - [871, 872, 873, 874, 875, 876]
147 - [877, 878, 879, 880, 881, 882]
148 - [883, 884, 885, 886, 887, 888]
149 - [889, 890, 891, 892, 893, 894]
150 - [895, 896, 897, 898, 899, 900]
151 - [901, 902, 903, 904, 905, 906]
152 - [907, 908, 909, 910, 911, 912]
153 - [913, 914, 915, 916, 917, 918]
154 - [919, 920, 921, 922, 923, 924]
155 - [925, 926, 927, 928, 929, 930]
156 - [931, 932, 933, 934, 935, 936]
157 - [937, 938, 939, 940, 941, 942]
158 - [943, 944, 945, 946, 947, 948]
159 - [949, 950, 951, 952, 953, 954]
160 - [955, 956, 957, 958, 959, 960]
161 - [961, 962, 963, 964, 965, 966]
162 - [967, 968, 969, 970, 971, 972]
163 - [973, 974, 975, 976, 977, 978]
164 - [979, 980, 981, 982, 983, 984]
165 - [985, 986, 987, 988, 989, 990]
166 - [991, 992, 993, 994, 995, 996]
167 - [997, 998, 999, 1000]
168 - []
169 - []
170 - []
171 - []
172 - []
173 - []
174 - []
175 - []
176 - []
177 - []
178 - []
179 - []
180 - []
181 - []
182 - []
183 - []
184 - []
185 - []
186 - []
187 - []
188 - []
189 - []
190 - []
191 - []
192 - []
193 - []
194 - []
195 - []
196 - []
197 - []
198 - []
199 - []
200 - []
